epoch s_late s_late_std train train_std test test_std s32 s32_std s16 s16_std
-1 0.830544 0.003080 0.100625 0.005625 0.097400 0.002400 0.688906 0.014525 0.782209 0.016107
0 0.714959 0.001207 0.503125 0.026875 0.497250 0.031750 0.838120 0.000838 0.756208 0.007166
1 0.730669 0.000268 0.651000 0.019250 0.644600 0.017200 0.865064 0.000378 0.784735 0.000851
2 0.736344 0.002560 0.661375 0.019375 0.646550 0.020950 0.876079 0.003026 0.801524 0.006328
3 0.742224 0.001038 0.703250 0.035000 0.684800 0.030300 0.880286 0.004942 0.820948 0.003042
4 0.741497 0.002929 0.714500 0.052000 0.696850 0.051650 0.886636 0.003659 0.836221 0.003047
5 0.738365 0.002368 0.784625 0.000875 0.762900 0.002800 0.885943 0.001067 0.843747 0.004595
6 0.744937 0.006109 0.706875 0.077625 0.688750 0.080650 0.887520 0.000016 0.863530 0.000031
7 0.743239 0.001340 0.780625 0.004875 0.750050 0.006450 0.889852 0.001140 0.867658 0.000671
8 0.742064 0.002709 0.811250 0.014250 0.786450 0.014550 0.888936 0.002806 0.873439 0.004664
9 0.744047 0.000989 0.830625 0.028875 0.800600 0.027100 0.889685 0.002162 0.882584 0.000228
10 0.745488 0.004474 0.843000 0.015250 0.812750 0.012450 0.890559 0.001366 0.888753 0.001413
11 0.745239 0.003287 0.836250 0.002000 0.804650 0.004750 0.893047 0.000254 0.891412 0.000300
12 0.747738 0.002340 0.865375 0.017625 0.823500 0.014800 0.889619 0.001676 0.894371 0.002022
13 0.748956 0.000336 0.872125 0.013375 0.826050 0.012550 0.893243 0.001922 0.898114 0.003841
14 0.750989 0.003981 0.894875 0.004875 0.848500 0.005900 0.892983 0.001214 0.901035 0.000171
15 0.751457 0.002358 0.917125 0.001625 0.861950 0.006150 0.890991 0.000979 0.903078 0.000313
16 0.757127 0.002022 0.924000 0.008000 0.866250 0.010550 0.892027 0.001629 0.906509 0.000087
17 0.755953 0.000649 0.939000 0.008000 0.872750 0.004550 0.890686 0.000587 0.906078 0.002311
18 0.757669 0.000036 0.955250 0.002000 0.888100 0.002400 0.892262 0.000617 0.907608 0.001001
19 0.759855 0.000504 0.965375 0.000875 0.892850 0.001650 0.891478 0.001366 0.907714 0.002564
20 0.761919 0.000572 0.971875 0.002375 0.900100 0.001200 0.891652 0.001499 0.908643 0.001520
21 0.762960 0.001068 0.975750 0.000750 0.901000 0.000300 0.891239 0.000956 0.909408 0.001013
22 0.763563 0.001288 0.979000 0.000750 0.903050 0.001250 0.891354 0.001375 0.909073 0.001378
23 0.763588 0.001297 0.979375 0.000125 0.903500 0.001800 0.891477 0.001299 0.909123 0.001331
