epoch s_late s_late_std train train_std test test_std s32 s32_std s16 s16_std
-1 0.830544 0.003080 0.101500 0.005250 0.097400 0.002400 0.688906 0.014525 0.782209 0.016107
0 0.817921 0.019409 0.103125 0.003375 0.101350 0.001650 0.612144 0.001608 0.697792 0.007685
1 0.831089 0.016306 0.101500 0.002500 0.097850 0.001350 0.600097 0.000811 0.692401 0.003714
2 0.836413 0.039361 0.102250 0.000250 0.102350 0.000550 0.597072 0.006729 0.684669 0.019693
3 0.850787 0.003432 0.104500 0.002250 0.084800 0.004300 0.599192 0.008441 0.692554 0.009641
4 0.845535 0.014164 0.106625 0.005625 0.086350 0.016750 0.600161 0.008036 0.690484 0.010513
5 0.856565 0.007333 0.102375 0.002375 0.100600 0.002400 0.605701 0.014091 0.692324 0.005542
6 0.853820 0.003980 0.107250 0.003500 0.080400 0.008800 0.607419 0.012993 0.693762 0.008900
7 0.842997 0.002667 0.111875 0.000875 0.089650 0.004750 0.611124 0.014533 0.696708 0.004111
8 0.848831 0.013954 0.109000 0.003250 0.092050 0.003550 0.610285 0.011798 0.695289 0.001922
9 0.845949 0.006542 0.114125 0.004625 0.093450 0.012550 0.617561 0.013987 0.701863 0.001290
10 0.842723 0.014203 0.123125 0.005125 0.080000 0.004900 0.617612 0.014195 0.699868 0.004475
11 0.842265 0.010861 0.114625 0.000125 0.094150 0.015150 0.623636 0.012712 0.701499 0.004101
12 0.841680 0.012598 0.119375 0.002125 0.097350 0.008750 0.625675 0.015927 0.704903 0.005108
13 0.841084 0.010282 0.120000 0.005500 0.087750 0.006750 0.631980 0.014122 0.706621 0.002789
14 0.839817 0.009799 0.121625 0.003625 0.089600 0.003600 0.635678 0.015990 0.711141 0.003502
15 0.844047 0.007970 0.131375 0.002625 0.086650 0.000250 0.635347 0.010700 0.713226 0.001339
16 0.847991 0.009152 0.133875 0.004625 0.091350 0.005750 0.640561 0.014826 0.718467 0.003691
17 0.851112 0.010108 0.135625 0.010625 0.083100 0.001800 0.643916 0.015691 0.722602 0.004862
18 0.854792 0.009089 0.140750 0.001750 0.091700 0.003400 0.647056 0.015080 0.732214 0.007320
19 0.860419 0.005300 0.142500 0.002500 0.104550 0.008050 0.647349 0.014429 0.734470 0.006005
20 0.864889 0.005880 0.140000 0.000750 0.087650 0.003650 0.651275 0.016891 0.741870 0.006929
21 0.871797 0.005188 0.151875 0.004375 0.094200 0.002100 0.651403 0.016695 0.744845 0.006016
22 0.875385 0.004882 0.154250 0.001750 0.085550 0.002750 0.651507 0.015626 0.747108 0.006353
23 0.876936 0.004712 0.155625 0.000625 0.086450 0.000150 0.651430 0.015681 0.748064 0.006709
