epoch s_late s_late_std train train_std test test_std s32 s32_std s16 s16_std
-1 0.827464 0.000000 0.106500 0.000000 0.095000 0.000000 0.703431 0.000000 0.798316 0.000000
0 0.722882 0.000000 0.173500 0.000000 0.240200 0.000000 0.709187 0.000000 0.727103 0.000000
1 0.755997 0.000000 0.216750 0.000000 0.294300 0.000000 0.727675 0.000000 0.723883 0.000000
2 0.738865 0.000000 0.254500 0.000000 0.366600 0.000000 0.767810 0.000000 0.735493 0.000000
3 0.714575 0.000000 0.237500 0.000000 0.334200 0.000000 0.769831 0.000000 0.737353 0.000000
4 0.739287 0.000000 0.285000 0.000000 0.403200 0.000000 0.784615 0.000000 0.755753 0.000000
5 0.738621 0.000000 0.244500 0.000000 0.344300 0.000000 0.802251 0.000000 0.759326 0.000000
6 0.731036 0.000000 0.309750 0.000000 0.461100 0.000000 0.803399 0.000000 0.751832 0.000000
7 0.750182 0.000000 0.341000 0.000000 0.501500 0.000000 0.804265 0.000000 0.751362 0.000000
8 0.741784 0.000000 0.323750 0.000000 0.482800 0.000000 0.813297 0.000000 0.758795 0.000000
9 0.749222 0.000000 0.355000 0.000000 0.521100 0.000000 0.819800 0.000000 0.766104 0.000000
10 0.752438 0.000000 0.339250 0.000000 0.478400 0.000000 0.818870 0.000000 0.761643 0.000000
11 0.752784 0.000000 0.348250 0.000000 0.498400 0.000000 0.825080 0.000000 0.768646 0.000000
12 0.739645 0.000000 0.334500 0.000000 0.463400 0.000000 0.827555 0.000000 0.761666 0.000000
13 0.752571 0.000000 0.366500 0.000000 0.535400 0.000000 0.818963 0.000000 0.769557 0.000000
14 0.756692 0.000000 0.366750 0.000000 0.541200 0.000000 0.832500 0.000000 0.761239 0.000000
15 0.752658 0.000000 0.391250 0.000000 0.549200 0.000000 0.833313 0.000000 0.773696 0.000000
16 0.752709 0.000000 0.392500 0.000000 0.559200 0.000000 0.834105 0.000000 0.773136 0.000000
17 0.755525 0.000000 0.378500 0.000000 0.519500 0.000000 0.835705 0.000000 0.779259 0.000000
18 0.758728 0.000000 0.401750 0.000000 0.561100 0.000000 0.839278 0.000000 0.776533 0.000000
19 0.758448 0.000000 0.437250 0.000000 0.617900 0.000000 0.835103 0.000000 0.777337 0.000000
20 0.765472 0.000000 0.432000 0.000000 0.607100 0.000000 0.836269 0.000000 0.778472 0.000000
21 0.761942 0.000000 0.442750 0.000000 0.621800 0.000000 0.839026 0.000000 0.781098 0.000000
22 0.761867 0.000000 0.455500 0.000000 0.617300 0.000000 0.839301 0.000000 0.779144 0.000000
23 0.766109 0.000000 0.473750 0.000000 0.633900 0.000000 0.838910 0.000000 0.781251 0.000000
24 0.766440 0.000000 0.483000 0.000000 0.654400 0.000000 0.840179 0.000000 0.783068 0.000000
25 0.767716 0.000000 0.476250 0.000000 0.644500 0.000000 0.838937 0.000000 0.782544 0.000000
26 0.768777 0.000000 0.487000 0.000000 0.656000 0.000000 0.839650 0.000000 0.784095 0.000000
27 0.770381 0.000000 0.489000 0.000000 0.666000 0.000000 0.839176 0.000000 0.783466 0.000000
28 0.770571 0.000000 0.491750 0.000000 0.669000 0.000000 0.839526 0.000000 0.783748 0.000000
29 0.771142 0.000000 0.493000 0.000000 0.669300 0.000000 0.839548 0.000000 0.784532 0.000000
