epoch s_late s_late_std train train_std test test_std s32 s32_std s16 s16_std
-1 0.827464 0.000000 0.093000 0.000000 0.095000 0.000000 0.703431 0.000000 0.798316 0.000000
0 0.710323 0.000000 0.205500 0.000000 0.241900 0.000000 0.726307 0.000000 0.717529 0.000000
1 0.721794 0.000000 0.354000 0.000000 0.418800 0.000000 0.759096 0.000000 0.722291 0.000000
2 0.716432 0.000000 0.271000 0.000000 0.334700 0.000000 0.776047 0.000000 0.731060 0.000000
3 0.731408 0.000000 0.353500 0.000000 0.413300 0.000000 0.806048 0.000000 0.755785 0.000000
4 0.734326 0.000000 0.393250 0.000000 0.464900 0.000000 0.799215 0.000000 0.761228 0.000000
5 0.737439 0.000000 0.418000 0.000000 0.486900 0.000000 0.811336 0.000000 0.763416 0.000000
6 0.748816 0.000000 0.426750 0.000000 0.492700 0.000000 0.829823 0.000000 0.782289 0.000000
7 0.740123 0.000000 0.442250 0.000000 0.522700 0.000000 0.823305 0.000000 0.774410 0.000000
8 0.740894 0.000000 0.432000 0.000000 0.512400 0.000000 0.831962 0.000000 0.774690 0.000000
9 0.742058 0.000000 0.478000 0.000000 0.546100 0.000000 0.836197 0.000000 0.781715 0.000000
10 0.754323 0.000000 0.479250 0.000000 0.549600 0.000000 0.839722 0.000000 0.786109 0.000000
11 0.748101 0.000000 0.472750 0.000000 0.538900 0.000000 0.838040 0.000000 0.786123 0.000000
12 0.745569 0.000000 0.535500 0.000000 0.608100 0.000000 0.844259 0.000000 0.782241 0.000000
13 0.749870 0.000000 0.471750 0.000000 0.538400 0.000000 0.847966 0.000000 0.790947 0.000000
14 0.757372 0.000000 0.565500 0.000000 0.641300 0.000000 0.853601 0.000000 0.793914 0.000000
15 0.752699 0.000000 0.556250 0.000000 0.623500 0.000000 0.850710 0.000000 0.798836 0.000000
16 0.756548 0.000000 0.558250 0.000000 0.629800 0.000000 0.855964 0.000000 0.803320 0.000000
17 0.758721 0.000000 0.543750 0.000000 0.616800 0.000000 0.855684 0.000000 0.803019 0.000000
18 0.758230 0.000000 0.616750 0.000000 0.691200 0.000000 0.854295 0.000000 0.800951 0.000000
19 0.758347 0.000000 0.610250 0.000000 0.669600 0.000000 0.856490 0.000000 0.807856 0.000000
20 0.759210 0.000000 0.626750 0.000000 0.697400 0.000000 0.857082 0.000000 0.805948 0.000000
21 0.763175 0.000000 0.637250 0.000000 0.712300 0.000000 0.857902 0.000000 0.809289 0.000000
22 0.765024 0.000000 0.656250 0.000000 0.721600 0.000000 0.858280 0.000000 0.808415 0.000000
23 0.764820 0.000000 0.636000 0.000000 0.694100 0.000000 0.857902 0.000000 0.810367 0.000000
24 0.769072 0.000000 0.665000 0.000000 0.722000 0.000000 0.858658 0.000000 0.812586 0.000000
25 0.767421 0.000000 0.669250 0.000000 0.731200 0.000000 0.858874 0.000000 0.811747 0.000000
26 0.771371 0.000000 0.682500 0.000000 0.740700 0.000000 0.858829 0.000000 0.813125 0.000000
27 0.771096 0.000000 0.686750 0.000000 0.742900 0.000000 0.859067 0.000000 0.813202 0.000000
28 0.771858 0.000000 0.686000 0.000000 0.740400 0.000000 0.858863 0.000000 0.813597 0.000000
29 0.772006 0.000000 0.685000 0.000000 0.742600 0.000000 0.858748 0.000000 0.813880 0.000000
