epoch s_late s_late_std train train_std test test_std s32 s32_std s16 s16_std
-1 0.830544 0.003080 0.101500 0.005250 0.097400 0.002400 0.688906 0.014525 0.782209 0.016107
0 0.797158 0.029627 0.094625 0.000125 0.109100 0.000300 0.629135 0.021020 0.699703 0.047336
1 0.788836 0.020447 0.102625 0.003375 0.098950 0.004850 0.624191 0.021975 0.687874 0.045722
2 0.783416 0.002930 0.102125 0.000125 0.095800 0.000300 0.626537 0.017436 0.684851 0.023818
3 0.797696 0.001898 0.100125 0.000125 0.100950 0.000450 0.624703 0.009959 0.687033 0.018692
4 0.793213 0.001962 0.102625 0.002875 0.103650 0.007050 0.623058 0.010207 0.689705 0.018816
5 0.790457 0.006329 0.109375 0.002625 0.101050 0.000250 0.622675 0.010517 0.691170 0.022633
6 0.802434 0.007601 0.107375 0.002875 0.108450 0.007050 0.622151 0.010833 0.688626 0.018775
7 0.793673 0.016948 0.109125 0.002125 0.107600 0.010100 0.623507 0.012432 0.694131 0.023021
8 0.786603 0.008210 0.100750 0.004000 0.100300 0.001700 0.622944 0.011909 0.681922 0.028308
9 0.786584 0.008710 0.107750 0.001500 0.093850 0.007550 0.620545 0.010739 0.683030 0.016930
10 0.781747 0.005347 0.114875 0.002625 0.092550 0.000950 0.619622 0.009476 0.671561 0.024990
11 0.791286 0.010422 0.114625 0.001375 0.093100 0.000800 0.621545 0.007408 0.684107 0.020303
12 0.775062 0.001076 0.114000 0.001750 0.101700 0.001000 0.623304 0.007249 0.676787 0.016382
13 0.780834 0.011486 0.111250 0.000250 0.094600 0.005400 0.622466 0.010011 0.676082 0.019441
14 0.772165 0.000910 0.110625 0.001125 0.101050 0.001150 0.620446 0.010783 0.667154 0.013049
15 0.769788 0.003456 0.116750 0.003750 0.101050 0.002450 0.621028 0.015546 0.667770 0.023069
16 0.781086 0.014786 0.111375 0.000875 0.099200 0.000700 0.620280 0.012745 0.674246 0.021554
17 0.775214 0.007232 0.116750 0.001500 0.113750 0.002050 0.622852 0.011487 0.675973 0.017966
18 0.774637 0.007367 0.116375 0.000875 0.096950 0.007650 0.622756 0.013071 0.670805 0.022085
19 0.756784 0.003629 0.115625 0.000125 0.095400 0.002500 0.627719 0.012251 0.671286 0.011889
20 0.770191 0.009122 0.124500 0.000500 0.105500 0.001800 0.628357 0.014356 0.671444 0.020431
21 0.765775 0.002979 0.118500 0.001750 0.106850 0.009550 0.626022 0.010480 0.669916 0.016936
22 0.770094 0.001804 0.119875 0.000375 0.104600 0.000800 0.626898 0.013196 0.673113 0.018377
23 0.769153 0.008814 0.125375 0.003125 0.109000 0.008200 0.632392 0.012909 0.679362 0.017241
24 0.764995 0.000682 0.122375 0.000875 0.104050 0.005550 0.628332 0.014435 0.676500 0.017302
25 0.761325 0.001291 0.122375 0.000375 0.100600 0.007900 0.626867 0.009925 0.675562 0.011195
26 0.767754 0.005667 0.129125 0.000375 0.105600 0.007500 0.624396 0.008373 0.674605 0.007768
27 0.772301 0.005513 0.122000 0.004000 0.099500 0.010400 0.632599 0.012930 0.680155 0.014197
28 0.767961 0.000873 0.127500 0.002250 0.102200 0.005500 0.632870 0.010292 0.674529 0.011620
29 0.773226 0.003194 0.129500 0.001000 0.107150 0.014050 0.630522 0.007619 0.678911 0.008500
30 0.773288 0.000487 0.131625 0.002625 0.110600 0.013400 0.632458 0.008148 0.680566 0.007662
31 0.775690 0.001871 0.133250 0.001750 0.105300 0.004200 0.632118 0.008942 0.681143 0.009665
32 0.775532 0.004357 0.134875 0.000125 0.105700 0.009700 0.630944 0.006805 0.681165 0.007628
33 0.779672 0.002873 0.139875 0.001875 0.099750 0.007550 0.632636 0.005613 0.685834 0.006499
34 0.781177 0.006066 0.142000 0.002500 0.103300 0.006200 0.634193 0.004774 0.687271 0.007126
35 0.783054 0.005664 0.141125 0.001875 0.105850 0.006350 0.633480 0.005728 0.687332 0.006629
36 0.786378 0.005717 0.139500 0.001750 0.104500 0.005700 0.632962 0.006104 0.688995 0.006395
37 0.786926 0.005552 0.138500 0.001500 0.106650 0.006450 0.632680 0.005471 0.688387 0.005683
38 0.787249 0.005111 0.138375 0.000125 0.105750 0.005450 0.632468 0.005234 0.689049 0.004804
39 0.787087 0.004334 0.139250 0.001250 0.104500 0.003900 0.633241 0.005346 0.689220 0.004731
