epoch s_late s_late_std train train_std test test_std s32 s32_std s16 s16_std
-1 0.832101 0.003343 0.100333 0.004593 0.098267 0.002311 0.695726 0.015286 0.794517 0.021816
0 0.762859 0.023406 0.102250 0.001837 0.126367 0.022579 0.644656 0.011145 0.692371 0.023923
1 0.800118 0.023671 0.105000 0.003541 0.114400 0.015102 0.640821 0.011312 0.695054 0.011960
2 0.802521 0.021657 0.099083 0.001007 0.109100 0.006871 0.639501 0.010920 0.696338 0.003852
3 0.805540 0.022193 0.105083 0.002494 0.097333 0.002076 0.638517 0.012531 0.699443 0.000149
4 0.810427 0.026149 0.110833 0.006404 0.109267 0.006096 0.639822 0.014084 0.699082 0.005308
5 0.809741 0.025495 0.113417 0.000825 0.106033 0.009146 0.639875 0.010061 0.699537 0.006048
6 0.816026 0.017712 0.111833 0.004943 0.090933 0.011782 0.643365 0.008324 0.706852 0.001324
7 0.820791 0.015706 0.114917 0.005789 0.093833 0.021102 0.644824 0.011512 0.707677 0.002367
8 0.819488 0.016162 0.111583 0.003682 0.115233 0.006952 0.645541 0.011578 0.711531 0.006122
9 0.823348 0.017038 0.121583 0.001897 0.092600 0.009148 0.648337 0.012941 0.709740 0.008453
10 0.826703 0.018169 0.122417 0.004389 0.092567 0.010672 0.650963 0.013264 0.710189 0.009583
11 0.825129 0.013846 0.124250 0.002806 0.095867 0.018927 0.656009 0.006745 0.712932 0.004553
12 0.821185 0.012566 0.129833 0.004360 0.098300 0.009414 0.653257 0.010021 0.710631 0.010465
13 0.823398 0.018017 0.131833 0.001586 0.107667 0.009635 0.662598 0.009544 0.718953 0.010685
14 0.825186 0.016335 0.130833 0.001637 0.091200 0.003672 0.661265 0.007322 0.721880 0.009544
15 0.825444 0.013313 0.136750 0.007266 0.096533 0.009972 0.670886 0.006867 0.724197 0.011240
16 0.823851 0.014135 0.136333 0.006881 0.108167 0.008816 0.665406 0.012447 0.728538 0.012999
17 0.833446 0.013052 0.141167 0.005868 0.093833 0.006958 0.672561 0.011877 0.732828 0.014438
18 0.831191 0.016289 0.148167 0.005524 0.086167 0.005677 0.674660 0.014153 0.737560 0.013531
19 0.827423 0.009110 0.145167 0.006293 0.103900 0.008419 0.680706 0.011238 0.742924 0.011701
20 0.828767 0.010295 0.163917 0.010560 0.096967 0.004767 0.683087 0.010950 0.745846 0.013314
21 0.831653 0.009875 0.154333 0.006299 0.089567 0.004694 0.687353 0.010760 0.748167 0.010378
22 0.831260 0.008192 0.159667 0.012808 0.092000 0.006526 0.687820 0.010043 0.753862 0.013787
23 0.830692 0.007921 0.158833 0.010421 0.093900 0.007915 0.698455 0.007246 0.762253 0.014447
24 0.839822 0.009269 0.158667 0.012625 0.099067 0.008548 0.697882 0.012243 0.765720 0.014069
25 0.843005 0.002964 0.193083 0.012743 0.097033 0.008410 0.706016 0.010160 0.771142 0.017100
26 0.848667 0.006133 0.182250 0.019527 0.088800 0.009069 0.710128 0.011836 0.778260 0.016799
27 0.851521 0.001796 0.184750 0.009370 0.104433 0.008235 0.709128 0.011591 0.783282 0.017161
28 0.855975 0.005303 0.197833 0.027427 0.100667 0.003746 0.714850 0.012711 0.789783 0.017823
29 0.862778 0.001942 0.216667 0.010199 0.103700 0.006481 0.720783 0.012593 0.794065 0.020333
30 0.864855 0.001717 0.217417 0.004244 0.097000 0.013392 0.721623 0.011369 0.802341 0.016652
31 0.874979 0.005671 0.207167 0.029951 0.097600 0.006718 0.726622 0.011974 0.806671 0.019092
32 0.876411 0.003919 0.258083 0.031762 0.100300 0.007161 0.729056 0.011821 0.810025 0.019740
33 0.883458 0.005540 0.294667 0.016746 0.096800 0.008419 0.731722 0.012145 0.814380 0.019542
34 0.883432 0.002379 0.283083 0.011296 0.103600 0.002491 0.733533 0.011514 0.818501 0.017729
35 0.888535 0.004823 0.315333 0.022367 0.095667 0.008153 0.735657 0.012256 0.822180 0.019108
36 0.891318 0.007562 0.364750 0.067639 0.097567 0.001808 0.736526 0.010936 0.824103 0.019232
37 0.898148 0.006561 0.389000 0.032906 0.099100 0.008080 0.736805 0.012401 0.826071 0.019281
38 0.898351 0.006487 0.463917 0.073508 0.097067 0.001126 0.737740 0.012215 0.827189 0.018894
39 0.899198 0.006415 0.477667 0.070614 0.099167 0.001464 0.737405 0.011754 0.827231 0.018614
