epoch s_late s_late_std train train_std test test_std s32 s32_std s16 s16_std
-1 0.830544 0.003080 0.100625 0.005625 0.097400 0.002400 0.688906 0.014525 0.782209 0.016107
0 0.714074 0.001261 0.223875 0.016125 0.229600 0.010100 0.756905 0.001356 0.732308 0.013392
1 0.728087 0.014082 0.350500 0.086750 0.350850 0.077750 0.778310 0.003795 0.756030 0.002435
2 0.738548 0.004244 0.521625 0.033125 0.506350 0.033650 0.803440 0.002651 0.771940 0.007106
3 0.736840 0.010397 0.488125 0.017375 0.468600 0.021000 0.817050 0.002798 0.781382 0.001612
4 0.743161 0.002840 0.583125 0.019875 0.544200 0.018700 0.822853 0.000711 0.792827 0.003793
5 0.739530 0.001066 0.529625 0.070875 0.489600 0.060400 0.829593 0.002638 0.798645 0.000782
6 0.744675 0.000066 0.522750 0.028500 0.489350 0.022650 0.836141 0.001570 0.804296 0.000424
7 0.748121 0.000820 0.636000 0.035250 0.584450 0.032250 0.840448 0.000800 0.813439 0.000975
8 0.746552 0.005479 0.612625 0.072125 0.559100 0.059500 0.844707 0.001774 0.816157 0.001332
9 0.756784 0.003500 0.727375 0.017875 0.647500 0.006900 0.848911 0.001547 0.826970 0.001188
10 0.755177 0.001104 0.620000 0.109750 0.544500 0.094400 0.850510 0.000042 0.832465 0.001374
11 0.755875 0.003477 0.713875 0.010625 0.623100 0.011200 0.851866 0.002151 0.833436 0.000617
12 0.763906 0.001890 0.759500 0.010750 0.659700 0.003900 0.855211 0.002520 0.843919 0.001396
13 0.764188 0.000727 0.776125 0.001875 0.659950 0.002150 0.856963 0.000266 0.847479 0.001237
14 0.769992 0.000969 0.776500 0.045750 0.655550 0.028050 0.857770 0.000435 0.855226 0.000257
15 0.763749 0.003004 0.673625 0.005625 0.563500 0.010000 0.860390 0.000263 0.859509 0.000935
16 0.768427 0.007614 0.763625 0.041375 0.631900 0.032400 0.862871 0.000193 0.862253 0.000915
17 0.777570 0.000162 0.811250 0.045000 0.655750 0.023750 0.865658 0.001618 0.871110 0.001255
18 0.775416 0.002238 0.838625 0.040375 0.661000 0.029100 0.865582 0.000986 0.873132 0.001439
19 0.781013 0.001362 0.848375 0.034875 0.665650 0.020550 0.867835 0.000126 0.877431 0.000427
20 0.783488 0.001475 0.902000 0.023750 0.688650 0.016550 0.868713 0.000057 0.879523 0.001118
21 0.787983 0.002040 0.941875 0.021375 0.714700 0.008600 0.869413 0.000395 0.881396 0.001090
22 0.788526 0.003471 0.974750 0.004500 0.730500 0.008800 0.870249 0.000321 0.884927 0.000416
23 0.789435 0.001045 0.892250 0.039750 0.673900 0.025700 0.871253 0.000058 0.886314 0.000445
24 0.788235 0.005597 0.985625 0.012875 0.745550 0.008250 0.871557 0.000225 0.886015 0.001834
25 0.788223 0.004388 0.980500 0.010750 0.732950 0.005150 0.871417 0.000092 0.886815 0.000118
26 0.786063 0.004652 0.956750 0.041500 0.716600 0.031900 0.872249 0.000001 0.887053 0.001490
27 0.790144 0.002886 0.996625 0.003375 0.751750 0.012950 0.872745 0.000905 0.889231 0.000772
28 0.790045 0.003655 0.998125 0.001875 0.757200 0.003300 0.872670 0.000412 0.889792 0.000994
29 0.789926 0.004549 0.996250 0.003750 0.758750 0.006750 0.872451 0.000193 0.889168 0.000454
30 0.789619 0.003507 0.999125 0.000625 0.753300 0.005400 0.872453 0.000593 0.889367 0.000936
31 0.788486 0.001752 0.999750 0.000000 0.760550 0.002950 0.872603 0.000395 0.890299 0.000386
32 0.789561 0.002019 0.999875 0.000125 0.760050 0.000150 0.872645 0.000166 0.890244 0.001079
33 0.789889 0.002778 0.999875 0.000125 0.763900 0.001500 0.872571 0.000214 0.889851 0.000764
34 0.791119 0.001648 1.000000 0.000000 0.766700 0.000100 0.872700 0.000313 0.890292 0.000517
35 0.791362 0.001876 1.000000 0.000000 0.766350 0.002250 0.872580 0.000422 0.890483 0.000622
36 0.791471 0.001723 1.000000 0.000000 0.766400 0.002300 0.872793 0.000231 0.890647 0.000739
37 0.791534 0.002114 1.000000 0.000000 0.766650 0.000350 0.872737 0.000176 0.890428 0.000929
38 0.791419 0.002059 1.000000 0.000000 0.767100 0.000200 0.873015 0.000054 0.890695 0.000946
39 0.791561 0.002305 1.000000 0.000000 0.766800 0.001600 0.872611 0.000103 0.890554 0.000767
