epoch s_late s_late_std train train_std test test_std s32 s32_std s16 s16_std
-1 0.832101 0.003343 0.101250 0.004677 0.098267 0.002311 0.695726 0.015286 0.794517 0.021816
0 0.706845 0.009959 0.223667 0.038886 0.226800 0.043694 0.736386 0.018644 0.715015 0.011043
1 0.709198 0.006099 0.385250 0.023196 0.383933 0.023855 0.769193 0.004277 0.720086 0.012767
2 0.712623 0.010284 0.400500 0.030896 0.395100 0.025158 0.801642 0.017605 0.741723 0.014939
3 0.718775 0.006085 0.459583 0.026232 0.452767 0.021176 0.827255 0.010530 0.756160 0.015736
4 0.724328 0.007410 0.489417 0.014601 0.480367 0.011431 0.831175 0.005440 0.760769 0.008329
5 0.719123 0.005722 0.483083 0.038694 0.459100 0.035384 0.836016 0.004419 0.763440 0.006677
6 0.727235 0.008276 0.579333 0.042825 0.557200 0.037758 0.844162 0.006752 0.768219 0.011391
7 0.729610 0.003529 0.555667 0.046548 0.533767 0.046507 0.844466 0.004847 0.771361 0.006985
8 0.727865 0.003863 0.580833 0.064616 0.558867 0.057855 0.849917 0.009085 0.778925 0.010400
9 0.730543 0.002446 0.637833 0.041623 0.605433 0.035305 0.857713 0.004628 0.780008 0.010076
10 0.734599 0.002030 0.595167 0.043055 0.562400 0.042093 0.860233 0.006621 0.788892 0.008642
11 0.733774 0.006696 0.678167 0.040968 0.639400 0.042639 0.863956 0.005467 0.789176 0.009461
12 0.734368 0.001611 0.681750 0.030373 0.643200 0.025773 0.865377 0.004370 0.788233 0.003151
13 0.736416 0.000987 0.679667 0.042565 0.639667 0.034905 0.867183 0.004833 0.797305 0.006233
14 0.740859 0.004950 0.690250 0.014501 0.647033 0.010679 0.868894 0.002375 0.799079 0.006695
15 0.735224 0.003958 0.650417 0.038497 0.611933 0.033643 0.868929 0.003671 0.801822 0.004609
16 0.734650 0.006672 0.685750 0.069868 0.641533 0.058597 0.870560 0.003178 0.803430 0.004910
17 0.739979 0.003532 0.731250 0.002669 0.678333 0.008471 0.873164 0.003460 0.808377 0.007753
18 0.738881 0.004785 0.764583 0.024432 0.705300 0.023927 0.873785 0.000704 0.809982 0.006922
19 0.743852 0.001305 0.797750 0.008294 0.733400 0.004276 0.876305 0.002068 0.810566 0.006428
20 0.743548 0.001624 0.784333 0.022395 0.720533 0.015818 0.875709 0.002856 0.817139 0.006021
21 0.742838 0.002121 0.785083 0.016029 0.718133 0.013940 0.878425 0.002903 0.819714 0.004710
22 0.743725 0.005952 0.815917 0.015284 0.737200 0.012759 0.877643 0.001920 0.820088 0.006572
23 0.744966 0.002954 0.828667 0.022769 0.748567 0.018616 0.877928 0.002547 0.821397 0.004320
24 0.745913 0.000716 0.825083 0.009610 0.744900 0.005463 0.876324 0.002176 0.824134 0.003862
25 0.747615 0.000820 0.851500 0.011473 0.760500 0.009475 0.878157 0.003305 0.826121 0.003935
26 0.746673 0.001393 0.836417 0.011677 0.745767 0.008604 0.878844 0.001445 0.827190 0.002289
27 0.749829 0.000203 0.872083 0.005035 0.766233 0.007799 0.879027 0.002503 0.829910 0.002817
28 0.750137 0.002170 0.882417 0.001532 0.777600 0.002211 0.878733 0.003148 0.830967 0.003803
29 0.752678 0.000882 0.890000 0.007153 0.780833 0.007802 0.879061 0.002733 0.831961 0.004461
30 0.753084 0.000764 0.908083 0.007891 0.786500 0.004667 0.878799 0.001969 0.832878 0.004107
31 0.754466 0.000662 0.919000 0.006367 0.794667 0.008065 0.879007 0.002023 0.833927 0.003830
32 0.753649 0.000777 0.922583 0.005717 0.796333 0.004291 0.879115 0.002142 0.833512 0.003678
33 0.755418 0.001132 0.932167 0.001712 0.801967 0.000974 0.879066 0.002136 0.834491 0.003910
34 0.755067 0.000560 0.934833 0.006213 0.804633 0.002213 0.879302 0.002513 0.834614 0.003936
35 0.756399 0.000386 0.941167 0.003171 0.809000 0.000245 0.879394 0.002653 0.835210 0.003982
36 0.756469 0.000841 0.941167 0.006647 0.807133 0.002004 0.879102 0.002201 0.835075 0.004005
37 0.757149 0.000721 0.944917 0.004089 0.808667 0.000340 0.879121 0.002442 0.835320 0.004023
38 0.757109 0.000682 0.945083 0.004089 0.809333 0.000694 0.879332 0.002439 0.835320 0.003830
39 0.757025 0.000760 0.946833 0.004566 0.810000 0.000748 0.879215 0.002003 0.835241 0.004028
